Hit:1 https://cloud.r-project.org/bin/linux/ubuntu jammy-cran40/ InRelease
Hit:2 https://developer.download.nvidia.com/compute/cuda/repos/ubuntu2204/x86_64  InRelease
Hit:3 http://archive.ubuntu.com/ubuntu jammy InRelease
Hit:4 http://archive.ubuntu.com/ubuntu jammy-updates InRelease
Hit:5 http://archive.ubuntu.com/ubuntu jammy-backports InRelease
Hit:6 https://r2u.stat.illinois.edu/ubuntu jammy InRelease
Hit:7 http://security.ubuntu.com/ubuntu jammy-security InRelease
Hit:8 https://ppa.launchpadcontent.net/deadsnakes/ppa/ubuntu jammy InRelease
Hit:9 https://ppa.launchpadcontent.net/graphics-drivers/ppa/ubuntu jammy InRelease
Hit:10 https://ppa.launchpadcontent.net/ubuntugis/ppa/ubuntu jammy InRelease
Reading package lists... Done
W: Skipping acquire of configured file 'main/source/Sources' as repository 'https://r2u.stat.illinois.edu/ubuntu jammy InRelease' does not seem to provide it (sources.list entry misspelt?)
Reading package lists... Done
Building dependency tree... Done
Reading state information... Done
locales is already the newest version (2.35-0ubuntu3.8).
0 upgraded, 0 newly installed, 0 to remove and 54 not upgraded.
Generating locales (this might take a while)...
  en_US.UTF-8... done
Generation complete.
/bin/bash: line 1: -O: command not found
3D Joints: tf.Tensor(
[[[-6.70182467e-01  7.74667263e-02  3.67996836e+00]
  [-7.26852834e-01 -6.00957870e-03  3.62872148e+00]
  [-5.97970009e-01  3.72809172e-03  3.63865089e+00]
  [-6.79129601e-01  1.53092414e-01  3.76486421e+00]
  [-6.61451638e-01 -2.64776498e-01  3.33593035e+00]
  [-3.52580607e-01  1.99274272e-01  3.38410616e+00]
  [-6.72012568e-01  2.94174761e-01  3.76091003e+00]
  [-7.56407261e-01 -3.32403690e-01  3.74105740e+00]
  [-5.61526477e-01  2.46940255e-02  3.06219053e+00]
  [-6.68968916e-01  3.51689428e-01  3.74673939e+00]
  [-7.96925187e-01 -4.57627684e-01  3.78732038e+00]
  [-6.00092530e-01  1.33121610e-02  2.92776442e+00]
  [-6.82474971e-01  5.67306280e-01  3.70900559e+00]
  [-7.58833170e-01  4.68068600e-01  3.71839404e+00]
  [-6.01275444e-01  4.84851032e-01  3.75794625e+00]
  [-6.66741371e-01  6.25066638e-01  3.64560127e+00]
  [-8.37927699e-01  4.97037679e-01  3.66661763e+00]
  [-5.08327425e-01  5.31728745e-01  3.74447107e+00]
  [-1.03208470e+00  4.21183199e-01  3.48812985e+00]
  [-2.56758034e-01  4.46586519e-01  3.76501560e+00]
  [-1.06016719e+00  6.11249924e-01  3.30937481e+00]
  [-1.48073941e-01  6.82023704e-01  3.69603872e+00]
  [-1.09340239e+00  6.82407618e-01  3.35122776e+00]
  [-1.19657099e-01  7.48248994e-01  3.64494014e+00]]

 [[ 5.26815414e-01 -3.97982866e-01  3.79006076e+00]
  [ 4.27820027e-01 -3.42975914e-01  3.78379893e+00]
  [ 4.95740026e-01 -3.57916623e-01  3.88879395e+00]
  [ 6.19988441e-01 -4.24375027e-01  3.73057795e+00]
  [ 1.18020594e-01 -7.64662623e-02  3.81394744e+00]
  [ 3.05758536e-01 -1.83896363e-01  4.21715927e+00]
  [ 7.26890445e-01 -4.57380533e-01  3.63342047e+00]
  [ 2.96480358e-01  3.03132653e-01  3.71037126e+00]
  [ 3.76964390e-01  2.41695821e-01  4.20233250e+00]
  [ 7.70805478e-01 -4.74748135e-01  3.59670067e+00]
  [ 2.71355450e-01  4.39368486e-01  3.68337059e+00]
  [ 4.09134030e-01  3.60824466e-01  4.27184439e+00]
  [ 9.00587082e-01 -3.84829819e-01  3.44377494e+00]
  [ 7.82583773e-01 -4.22377050e-01  3.46020412e+00]
  [ 8.93210053e-01 -3.99671823e-01  3.56759834e+00]
  [ 9.65500653e-01 -3.59709620e-01  3.38455701e+00]
  [ 7.27906287e-01 -4.30814326e-01  3.38314748e+00]
  [ 9.70076144e-01 -4.04774874e-01  3.63343740e+00]
  [ 4.81846660e-01 -5.50145388e-01  3.33778715e+00]
  [ 1.03905129e+00 -5.27917802e-01  3.86169291e+00]
  [ 4.15962279e-01 -7.94095576e-01  3.41477036e+00]
  [ 1.29333174e+00 -4.49170649e-01  3.91354632e+00]
  [ 4.05851722e-01 -8.79762769e-01  3.39675927e+00]
  [ 1.28542459e+00 -4.50811386e-01  3.82655644e+00]]], shape=(2, 24, 3), dtype=float32)
2D Joints: tf.Tensor(
[[[ 416.10095  452.3806 ]
  [ 393.7387   424.46393]
  [ 437.9577   427.75964]
  [ 418.22803  476.49283]
  [ 396.22766  328.91888]
  [ 511.90924  498.89532]
  [ 420.3214   522.66473]
  [ 391.4209   317.26175]
  [ 414.55463  436.4143 ]
  [ 420.48926  541.9009 ]
  [ 381.30453  277.9463 ]
  [ 388.0088   432.09006]
  [ 413.77917  614.5457 ]
  [ 389.10373  581.2595 ]
  [ 443.2901   585.12115]
  [ 415.1507   637.29504]
  [ 359.04016  593.1583 ]
  [ 473.09998  601.0834 ]
  [ 276.23074  574.9505 ]
  [ 556.1582   572.3284 ]
  [ 246.14923  653.57855]
  [ 590.74554  653.3644 ]
  [ 238.8753   676.8475 ]
  [ 599.63995  678.8824 ]]

 [[ 810.8896   297.40143]
  [ 779.0069   315.06058]
  [ 796.72644  313.34592]
  [ 844.31995  286.64532]
  [ 678.044    401.85104]
  [ 729.1378   372.88867]
  [ 885.95557  271.73764]
  [ 738.2385   526.94275]
  [ 750.2842   497.2102 ]
  [ 903.47766  264.221  ]
  [ 730.5725   573.1516 ]
  [ 757.748    530.3446 ]
  [ 961.5098   289.11566]
  [ 918.0561   276.42725]
  [ 947.8087   288.76926]
  [ 990.7148   295.83673]
  [ 904.5196   269.943  ]
  [ 968.2399   289.5383 ]
  [ 817.4817   223.86142]
  [ 970.7977   258.42935]
  [ 789.75995  140.59973]
  [1046.2963   285.3944 ]
  [ 786.89465  108.07721]
  [1052.9922   281.6595 ]]], shape=(2, 24, 2), dtype=float32)
3D Vertices: tf.Tensor(
[[[-0.66174734  0.7562748   3.5537393 ]
  [-0.6556329   0.7402887   3.5501692 ]
  [-0.66963094  0.7389406   3.5547729 ]
  ...
  [-0.59715885  0.7038042   3.697772  ]
  [-0.5960341   0.70524967  3.6963341 ]
  [-0.59251964  0.70195234  3.6952548 ]]

 [[ 1.0367306  -0.25976908  3.285734  ]
  [ 1.0423708  -0.27394274  3.292686  ]
  [ 1.0286422  -0.27684474  3.2866209 ]
  ...
  [ 0.995215   -0.2645495   3.4410987 ]
  [ 0.9969219  -0.26250565  3.4398143 ]
  [ 1.0000302  -0.26558244  3.4417539 ]]], shape=(2, 6890, 3), dtype=float32)
Non-parametric 3D Joints: tf.Tensor(
[[[-0.6513569   0.09553248  3.665487  ]
  [-0.6870553   0.01425253  3.640636  ]
  [-0.5691387   0.01062842  3.6315067 ]
  [-0.68841094  0.18307737  3.7401195 ]
  [-0.7003955  -0.13557975  3.4475994 ]
  [-0.35506043  0.21633841  3.4007373 ]
  [-0.68622655  0.31025392  3.71982   ]
  [-0.78708714 -0.41253337  3.8339849 ]
  [-0.58968806 -0.00527497  3.0542393 ]
  [-0.6829606   0.37046915  3.7035923 ]
  [-0.8338228  -0.56757087  3.8564963 ]
  [-0.61835563  0.00709601  2.918645  ]
  [-0.68092203  0.58063513  3.7104445 ]
  [-0.76801175  0.48828796  3.7000248 ]
  [-0.60917175  0.4859666   3.7337587 ]
  [-0.6607709   0.6355725   3.6408195 ]
  [-0.88032037  0.51246053  3.6489246 ]
  [-0.5101066   0.5282046   3.7338536 ]
  [-1.0672741   0.39139557  3.4606843 ]
  [-0.23801175  0.43954307  3.774763  ]
  [-1.0563097   0.61793137  3.3581464 ]
  [-0.1613864   0.68129605  3.701519  ]
  [-1.0697868   0.69030786  3.3515902 ]
  [-0.1327153   0.7342628   3.649001  ]]

 [[ 0.52607757 -0.39581883  3.8166966 ]
  [ 0.42874387 -0.32876745  3.807125  ]
  [ 0.48948786 -0.3380368   3.928425  ]
  [ 0.6143936  -0.42326838  3.7352047 ]
  [ 0.11374057 -0.09321178  3.8278248 ]
  [ 0.31219053 -0.18590845  4.236187  ]
  [ 0.7113987  -0.4724496   3.621113  ]
  [ 0.30605444  0.3068331   3.6966918 ]
  [ 0.394922    0.2184505   4.1921983 ]
  [ 0.75858045 -0.4800015   3.5792313 ]
  [ 0.2719659   0.4723691   3.667445  ]
  [ 0.41206485  0.3337348   4.248729  ]
  [ 0.89381176 -0.36805794  3.4494953 ]
  [ 0.77839196 -0.4222476   3.4434068 ]
  [ 0.8839416  -0.4108453   3.564659  ]
  [ 0.9642839  -0.35734105  3.388354  ]
  [ 0.70841336 -0.42980686  3.3521442 ]
  [ 0.96780455 -0.43120432  3.628454  ]
  [ 0.48719248 -0.5510473   3.3543363 ]
  [ 1.0433935  -0.5121879   3.8748138 ]
  [ 0.41458642 -0.7938298   3.4079726 ]
  [ 1.2527612  -0.46322104  3.886692  ]
  [ 0.427482   -0.8859574   3.411203  ]
  [ 1.3154011  -0.42870027  3.9020324 ]]], shape=(2, 24, 3), dtype=float32)
Joint Uncertainties: tf.Tensor(
[[0.01215398 0.014356   0.01370075 0.01354799 0.03091099 0.0218351
  0.0165293  0.03203674 0.02651813 0.01821467 0.03753316 0.03076822
  0.01527784 0.01724758 0.01633177 0.01315116 0.01822172 0.01765702
  0.01576154 0.01425863 0.01650094 0.01780298 0.01899941 0.02072016]
 [0.02436166 0.02061943 0.02494659 0.02293028 0.02104661 0.03237557
  0.02476342 0.02253499 0.02605991 0.02571231 0.03362605 0.03774168
  0.02181258 0.02442654 0.02433426 0.02171742 0.02657027 0.03155972
  0.02391608 0.03876439 0.01840558 0.03153017 0.01776056 0.03497669]], shape=(2, 24), dtype=float32)