example_image.jpg(image/jpeg) - 115099 bytes, last modified: 12/12/2024 - 100% done
Saving example_image.jpg to example_image.jpg
Image shape: torch.Size([3, 853, 1280])
Pose parameters: [tensor([[-1.0926e-01,  2.9436e+00,  9.3172e-01, -2.1905e-01, -5.5165e-02,
         -1.3189e-01, -1.4303e+00, -2.6547e-01, -5.5470e-01,  6.9605e-01,
         -3.0077e-01,  1.9916e-02,  2.0597e+00, -1.5882e-01, -1.5737e-01,
          1.3101e+00, -7.0771e-01,  6.8439e-01, -2.3307e-01,  2.1779e-01,
         -2.8184e-03, -4.7395e-02,  5.4265e-01, -4.2241e-01,  8.7665e-01,
          3.3267e-01,  9.7055e-02,  5.2055e-01, -1.2885e-01, -1.4434e-01,
          0.0000e+00,  0.0000e+00,  0.0000e+00,  0.0000e+00,  0.0000e+00,
          0.0000e+00, -1.0237e-01, -9.5069e-02,  5.6978e-02, -3.5173e-01,
         -4.0841e-01,  1.2490e-01, -4.1622e-01,  4.7327e-01, -8.5563e-02,
         -6.6257e-02, -4.3487e-02,  1.3236e-01, -1.6493e-01, -1.2000e-01,
         -1.5939e-01, -5.6355e-02, -2.4074e-01,  4.0695e-01, -6.3702e-01,
         -9.5024e-01,  5.5491e-01, -8.6266e-01,  1.0756e+00, -9.4401e-01,
         -2.7630e-01, -6.5232e-01,  9.4499e-01, -5.1871e-01,  1.5840e-01,
          1.1515e-01, -8.8062e-01, -1.8611e-01, -9.6630e-01,  4.3457e-01,
          2.7061e-01,  7.4423e-01],
        [-1.5776e+00, -1.7823e+00,  2.6952e+00,  2.1629e-01,  2.0036e-01,
          3.3982e-01,  8.3296e-03, -9.2820e-02, -2.7505e-01, -2.1893e-01,
         -9.7375e-02, -8.1603e-02,  1.3078e+00, -3.7953e-01,  5.5743e-02,
          1.2608e+00,  1.6229e-01,  1.7235e-01, -2.6817e-01,  1.1217e-02,
         -3.8625e-03,  5.3975e-01,  2.4561e-01, -2.5239e-01,  8.2268e-01,
         -2.5339e-01, -1.3873e-01, -2.4567e-01, -1.6116e-01, -1.8501e-01,
          0.0000e+00,  0.0000e+00,  0.0000e+00,  0.0000e+00,  0.0000e+00,
          0.0000e+00, -6.7682e-01, -1.3941e-01,  1.0671e-01, -3.4700e-03,
         -3.7961e-02, -1.4406e-01, -2.6531e-01,  2.7981e-01,  2.6228e-01,
         -1.4834e-01, -1.1016e-01,  7.4158e-02, -4.6873e-02, -1.9385e-01,
         -3.3062e-01, -2.2186e-01,  5.5314e-02,  4.3877e-01,  3.6283e-01,
         -9.3244e-01, -4.5108e-01, -3.2080e-01,  5.7994e-01, -1.2814e+00,
          5.9630e-02, -1.6367e-01,  5.9034e-01, -1.1812e+00,  1.0919e+00,
          2.6237e+00,  3.3309e-01, -3.8358e-01,  1.5966e-01, -9.7056e-01,
          5.1663e-01,  2.7313e+00]], device='cuda:0')]
Shape parameters: [tensor([[ 2.3107e-02, -1.1262e-01, -8.8514e-03,  5.7592e-03,  7.2560e-04,
          4.1706e-03, -2.1764e-04,  5.5920e-03,  5.1576e-03,  2.0076e-03],
        [ 1.1053e+00,  1.4817e+00,  8.1905e-03,  1.1680e-03,  1.6393e-03,
          1.9247e-03,  2.7413e-03, -4.9547e-04,  9.9108e-04,  3.4316e-04]],
       device='cuda:0')]
Translation parameters: [tensor([[-0.0228,  0.0468,  0.0776],
        [-0.0923,  0.1116,  0.0601]], device='cuda:0')]
3D Joints: [tensor([[[-6.6657e+02,  9.2359e+01,  3.6935e+03],
         [-7.2879e+02,  1.0293e+01,  3.6413e+03],
         [-5.9131e+02,  1.9574e+01,  3.6495e+03],
         [-6.7393e+02,  1.6593e+02,  3.7787e+03],
         [-6.7888e+02, -2.4411e+02,  3.3689e+03],
         [-3.5337e+02,  1.9447e+02,  3.4041e+03],
         [-6.6917e+02,  3.0062e+02,  3.7672e+03],
         [-7.5826e+02, -3.3967e+02,  3.7495e+03],
         [-5.5934e+02,  2.0439e+01,  3.1075e+03],
         [-6.6643e+02,  3.5708e+02,  3.7504e+03],
         [-7.9346e+02, -4.6792e+02,  3.7691e+03],
         [-5.9946e+02,  3.1427e+00,  2.9798e+03],
         [-6.8054e+02,  5.7186e+02,  3.7108e+03],
         [-7.5499e+02,  4.7309e+02,  3.7169e+03],
         [-6.0043e+02,  4.9145e+02,  3.7610e+03],
         [-6.6706e+02,  6.2144e+02,  3.6459e+03],
         [-8.3450e+02,  4.9736e+02,  3.6672e+03],
         [-5.0883e+02,  5.3536e+02,  3.7488e+03],
         [-1.0249e+03,  4.2646e+02,  3.5028e+03],
         [-2.6975e+02,  4.4865e+02,  3.7686e+03],
         [-1.0665e+03,  5.9889e+02,  3.3273e+03],
         [-1.4950e+02,  6.6490e+02,  3.7050e+03],
         [-1.0909e+03,  6.8045e+02,  3.3395e+03],
         [-1.1823e+02,  7.3334e+02,  3.6640e+03]],

        [[ 5.2435e+02, -3.9272e+02,  3.7887e+03],
         [ 4.2462e+02, -3.3770e+02,  3.7806e+03],
         [ 4.9292e+02, -3.5041e+02,  3.8874e+03],
         [ 6.2041e+02, -4.2012e+02,  3.7285e+03],
         [ 1.0783e+02, -7.1479e+01,  3.8089e+03],
         [ 2.9399e+02, -1.7811e+02,  4.2182e+03],
         [ 7.2667e+02, -4.5965e+02,  3.6330e+03],
         [ 3.0545e+02,  3.0527e+02,  3.6934e+03],
         [ 3.7712e+02,  2.5059e+02,  4.1585e+03],
         [ 7.7102e+02, -4.7728e+02,  3.5956e+03],
         [ 2.7881e+02,  4.4372e+02,  3.6628e+03],
         [ 3.9901e+02,  3.7497e+02,  4.2300e+03],
         [ 9.0134e+02, -3.8807e+02,  3.4376e+03],
         [ 7.8115e+02, -4.2745e+02,  3.4540e+03],
         [ 8.9583e+02, -3.9936e+02,  3.5648e+03],
         [ 9.6033e+02, -3.5922e+02,  3.3737e+03],
         [ 7.1981e+02, -4.3375e+02,  3.3772e+03],
         [ 9.8205e+02, -3.9671e+02,  3.6254e+03],
         [ 4.6704e+02, -5.4886e+02,  3.3202e+03],
         [ 1.0411e+03, -5.2223e+02,  3.8629e+03],
         [ 4.1378e+02, -8.0317e+02,  3.4002e+03],
         [ 1.3061e+03, -4.3738e+02,  3.8707e+03],
         [ 4.0801e+02, -8.9303e+02,  3.3859e+03],
         [ 1.2386e+03, -4.5970e+02,  3.8148e+03]]], device='cuda:0')]
3D Vertices: [tensor([[[-667.9036,  755.0847, 3557.3567],
         [-660.9180,  739.4382, 3554.0493],
         [-675.0560,  737.2142, 3558.0918],
         ...,
         [-598.1475,  700.7622, 3698.1001],
         [-597.1085,  702.2640, 3696.7632],
         [-593.4634,  699.1840, 3695.5999]],

        [[1017.6858, -254.3250, 3268.1531],
         [1024.4264, -268.4080, 3274.4958],
         [1010.2294, -271.6171, 3269.4824],
         ...,
         [ 990.8726, -261.6764, 3429.6230],
         [ 992.3981, -259.4513, 3428.1125],
         [ 996.0145, -262.4988, 3429.7908]]], device='cuda:0')]
2D Joints: [tensor([[[ 418.1198,  457.2431],
         [ 393.9332,  429.9753],
         [ 440.8034,  433.0941],
         [ 420.7299,  480.4871],
         [ 392.2533,  337.4161],
         [ 512.3760,  496.7346],
         [ 421.6172,  524.6071],
         [ 391.3718,  315.1245],
         [ 418.7114,  434.5862],
         [ 421.5353,  543.5568],
         [ 381.1819,  273.8693],
         [ 392.6704,  427.7967],
         [ 414.5287,  615.9651],
         [ 390.2715,  582.9847],
         [ 443.7271,  587.1472],
         [ 415.0641,  636.0541],
         [ 360.2298,  593.2416],
         [ 473.1293,  602.0723],
         [ 280.2685,  576.1795],
         [ 551.9986,  572.8641],
         [ 245.9182,  647.7870],
         [ 590.3923,  647.1349],
         [ 238.3953,  677.0058],
         [ 600.3283,  672.5709]],

        [[ 810.1541,  299.0610],
         [ 778.0831,  316.6839],
         [ 795.8925,  315.6789],
         [ 844.5722,  287.9697],
         [ 674.8058,  403.4282],
         [ 725.6871,  374.5889],
         [ 885.9082,  270.9511],
         [ 741.6749,  528.1165],
         [ 751.4925,  500.5843],
         [ 903.6290,  263.3063],
         [ 733.5841,  575.4376],
         [ 755.9703,  535.4824],
         [ 962.3525,  287.7115],
         [ 918.0450,  274.3525],
         [ 948.9517,  288.7709],
         [ 989.9592,  295.5923],
         [ 902.0410,  268.5961],
         [ 973.0313,  291.9689],
         [ 812.9370,  223.2649],
         [ 971.3540,  260.2927],
         [ 789.6111,  136.0959],
         [1054.8405,  287.5779],
         [ 788.1487,  102.2423],
         [1039.1786,  278.3504]]], device='cuda:0')]
2D Vertices: [tensor([[[ 409.1714,  687.4586],
         [ 411.3730,  682.2889],
         [ 406.7477,  681.2299],
         ...,
         [ 441.1466,  659.4675],
         [ 441.4203,  660.0511],
         [ 442.5704,  659.1001]],

        [[1022.8376,  330.8269],
         [1024.6270,  325.7247],
         [1019.8782,  324.3634],
         ...,
         [ 995.2014,  332.6960],
         [ 995.9050,  333.4526],
         [ 997.0272,  332.4058]]], device='cuda:0')]
Nonparametric 3D Joints: [tensor([[[-6.5314e+02,  9.5515e+01,  3.6799e+03],
         [-6.9021e+02,  1.4623e+01,  3.6544e+03],
         [-5.7044e+02,  1.0059e+01,  3.6460e+03],
         [-6.9000e+02,  1.8267e+02,  3.7544e+03],
         [-7.0136e+02, -1.2562e+02,  3.4556e+03],
         [-3.5579e+02,  2.1830e+02,  3.4237e+03],
         [-6.8657e+02,  3.1114e+02,  3.7276e+03],
         [-7.7687e+02, -4.0957e+02,  3.7902e+03],
         [-5.9289e+02, -1.0501e+01,  3.0938e+03],
         [-6.8304e+02,  3.7112e+02,  3.7087e+03],
         [-8.2027e+02, -5.6563e+02,  3.8011e+03],
         [-6.2058e+02, -5.6607e-01,  2.9575e+03],
         [-6.7982e+02,  5.8002e+02,  3.7110e+03],
         [-7.6708e+02,  4.8818e+02,  3.7007e+03],
         [-6.0848e+02,  4.8530e+02,  3.7366e+03],
         [-6.6097e+02,  6.3592e+02,  3.6404e+03],
         [-8.7922e+02,  5.1176e+02,  3.6481e+03],
         [-5.0887e+02,  5.2751e+02,  3.7363e+03],
         [-1.0685e+03,  3.9198e+02,  3.4662e+03],
         [-2.3853e+02,  4.3753e+02,  3.7768e+03],
         [-1.0588e+03,  6.1901e+02,  3.3650e+03],
         [-1.6050e+02,  6.8103e+02,  3.7070e+03],
         [-1.0709e+03,  6.8730e+02,  3.3566e+03],
         [-1.3117e+02,  7.3105e+02,  3.6566e+03]],

        [[ 5.2601e+02, -3.9625e+02,  3.8088e+03],
         [ 4.2905e+02, -3.2905e+02,  3.7979e+03],
         [ 4.8918e+02, -3.3765e+02,  3.9191e+03],
         [ 6.1516e+02, -4.2376e+02,  3.7292e+03],
         [ 1.1355e+02, -9.2463e+01,  3.8199e+03],
         [ 3.0917e+02, -1.8527e+02,  4.2276e+03],
         [ 7.1298e+02, -4.7341e+02,  3.6159e+03],
         [ 3.0521e+02,  3.0058e+02,  3.6854e+03],
         [ 3.8821e+02,  2.2118e+02,  4.1567e+03],
         [ 7.5993e+02, -4.8077e+02,  3.5742e+03],
         [ 2.7392e+02,  4.7077e+02,  3.6548e+03],
         [ 4.0106e+02,  3.4356e+02,  4.2077e+03],
         [ 8.9058e+02, -3.6720e+02,  3.4397e+03],
         [ 7.7754e+02, -4.2343e+02,  3.4361e+03],
         [ 8.8369e+02, -4.0979e+02,  3.5570e+03],
         [ 9.6036e+02, -3.5582e+02,  3.3752e+03],
         [ 7.0622e+02, -4.3168e+02,  3.3452e+03],
         [ 9.6722e+02, -4.2873e+02,  3.6199e+03],
         [ 4.8295e+02, -5.4709e+02,  3.3360e+03],
         [ 1.0475e+03, -5.0177e+02,  3.8671e+03],
         [ 4.1322e+02, -7.8916e+02,  3.3916e+03],
         [ 1.2462e+03, -4.5670e+02,  3.8548e+03],
         [ 4.3093e+02, -8.7122e+02,  3.3986e+03],
         [ 1.3059e+03, -4.2350e+02,  3.8513e+03]]], device='cuda:0')]
Nonparametric 3D Vertices: [tensor([[[-685.8734,  756.3264, 3571.8818],
         [-649.6432,  744.8742, 3559.7773],
         [-680.4277,  730.2758, 3564.9680],
         ...,
         [-612.9348,  -47.3033, 3109.3447],
         [-610.3176,  -24.4171, 3024.1570],
         [-595.3858,  -42.0096, 3063.8918]],

        [[1010.5021, -270.4593, 3290.6653],
         [1033.5607, -281.2284, 3294.6660],
         [1018.4222, -296.7832, 3292.8916],
         ...,
         [ 448.3763,  270.1908, 4136.7041],
         [ 423.8152,  304.4166, 4160.6211],
         [ 457.4226,  284.1561, 4163.0356]]], device='cuda:0')]
Nonparametric 2D Joints: [tensor([[[ 421.7873,  458.4111],
         [ 407.7966,  431.4194],
         [ 447.6461,  429.8919],
         [ 414.0512,  486.3161],
         [ 390.4705,  381.8061],
         [ 512.2391,  504.8886],
         [ 413.5574,  529.1190],
         [ 388.0055,  293.6467],
         [ 404.3984,  422.3272],
         [ 413.5733,  549.5265],
         [ 374.6883,  243.5507],
         [ 382.0244,  426.2647],
         [ 414.7783,  618.6561],
         [ 385.1619,  588.6805],
         [ 439.7968,  586.1746],
         [ 416.7781,  641.2618],
         [ 343.6947,  598.9669],
         [ 472.5533,  600.0780],
         [ 261.0240,  565.5280],
         [ 562.3514,  568.9251],
         [ 253.1786,  652.6583],
         [ 586.7686,  652.3643],
         [ 247.7568,  678.2380],
         [ 595.8972,  672.2909]],

        [[ 809.7899,  298.5961],
         [ 778.8864,  319.9830],
         [ 793.4574,  320.5779],
         [ 842.8058,  286.7955],
         [ 676.5448,  396.7414],
         [ 729.9110,  372.6202],
         [ 882.4148,  265.5399],
         [ 741.8173,  526.7743],
         [ 754.8201,  491.9182],
         [ 901.3933,  261.1293],
         [ 732.1407,  584.8605],
         [ 757.1813,  526.8812],
         [ 958.3168,  295.2527],
         [ 918.1987,  275.0005],
         [ 945.4362,  284.8606],
         [ 989.8163,  296.8913],
         [ 899.5521,  267.8480],
         [ 968.4957,  280.8926],
         [ 817.9833,  224.8758],
         [ 973.0240,  266.9771],
         [ 789.7908,  140.4364],
         [1037.4561,  280.8412],
         [ 795.8857,  111.3412],
         [1056.8800,  291.3089]]], device='cuda:0')]
Nonparametric 2D Vertices: [tensor([[[ 403.9249,  686.8247],
         [ 415.6349,  683.7548],
         [ 405.3451,  678.3457],
         ...,
         [ 397.6469,  407.7964],
         [ 391.8839,  416.5736],
         [ 401.0933,  409.6431]],

        [[1017.5347,  325.4534],
         [1025.6807,  321.5576],
         [1020.2365,  315.6935],
         ...,
         [ 773.2574,  506.8007],
         [ 765.2338,  516.4525],
         [ 775.0861,  510.4171]]], device='cuda:0')]
Joint Uncertainties: [tensor([[ 37.3180,  44.5004,  42.0251,  41.0918,  99.6636,  65.4491,  49.5209,
          97.4146,  78.2266,  54.5653, 112.8524,  92.1490,  45.8735,  52.1510,
          49.1745,  39.0251,  54.6617,  52.4743,  47.4160,  41.9940,  49.8664,
          52.5786,  56.9513,  61.3829],
        [ 73.9635,  62.3771,  75.1243,  70.1070,  63.0172,  94.4382,  76.3381,
          68.8487,  77.7033,  79.1707, 100.9125, 111.8771,  67.9501,  75.5453,
          76.2421,  68.6519,  80.9948,  99.9626,  71.7634, 129.2703,  54.4534,
         111.4600,  52.9011, 123.8476]], device='cuda:0')]
Vertex Uncertainties: [tensor([[48.6984, 42.6216, 41.1900,  ..., 93.4952, 77.7142, 81.5166],
        [68.1533, 58.6739, 60.3324,  ..., 87.7756, 88.8316, 84.3260]],
       device='cuda:0')]